0000000000000000
0000000000000111
1000110000010000
0000000000000000
1001110000100000
1000001100001000
0000000000000000
1001110111001000
0000000000000000
0000000000000000
0000000000001000
1000110000010000
0000000000000000
1001110000100000
1000001100001000
0000000000000000
1001110111001000
0000000000000000
0000000000000000
0000000000000000
1001110010101000
1001110000010000
1000110010100000
1001000010001000
0000000000000000
0000000000000000
0000000000000000
1001110010101000
1001110000010000
1000110010100000
1001000111001000
0000000000000000
0000000000000000
0000000000000000
1001110010100000
1001110011001000
0000000000000000
0000000000000000
0000000000000000
1001110010101000
1001110000010000
1000110010100000
1001000111010000
0000000000110011
1000001100000010
0000000000000000
1001110010100000
1000101010001000
0000000000110111
1000101010000111
0000000000000000
0000000000000000
1001110010100000
1000111010001000
0000000000000000
0000000000000000
0000000000000000
0000000000000000
1001110010101000
1001110000010000
1000110010100000
1001000111010000
0000000001000110
1000001100000001
0000000000000000
1001110010100000
1000101010001000
0000000001001010
1000101010000111
0000000000000000
0000000000000000
1001110010100000
1000111010001000
0000000000000000
0000000000000000
0000000000000000
0000000000000000
1001110010101000
1001110000010000
1000110010100000
1001000111010000
0000000001011001
1000001100000100
0000000000000000
1001110010100000
1000101010001000
0000000001011101
1000101010000111
0000000000000000
0000000000000000
1001110010100000
1000111010001000
0000000000000000
0000000000000000
0000000000000000
0000000000000000
1001110010101000
1001110000010000
1000110010100000
1001000000001000
0000000000000000
0000000000000000
0000000000000000
1001110010101000
1001110000010000
1000110010100000
1001010101001000
0000000000000000
0000000000000000
0000000000000000
1001110010100000
1001110001001000
0000000000000000
0000000000000000
0000000000000010
1000110000010000
0000000000000001
1001000010100000
1001110000010000
0000000000000000
1001110000100000
1000001100001000
0000000000000000
1001110111001000
0000000000000000
0000000000000000
0000000000000001
1000110000010000
0000000000000010
1001000010010000
0000000000001101
1000001100001000
0000000000000000
1001110010101000
1001110000010000
0000000000001101
1001110000100000
1000001100001000
0000000000000000
0000000000000000
0000000000000011
1000110000010000
0000000000000011
1001000010100000
1001110000010000
0000000000000000
1001110000100000
1000001100001000
0000000000000000
1001110111001000
0000000000000000
0000000000000000
0000000000000000
1000110000010000
0000000000000100
1001000010010000
0000000000001101
1000001100001000
0000000000000000
1001110010101000
1001110000010000
0000000000001101
1001110000100000
1000001100001000
0000000000000000
0000000000000000
0000000000000000
0000000000000000
0000000000000000
0000000000000000
0000000000000000
0000000000000000
0000000000000000
0000000000000000
0000000000000000
0000000000000000
0000000000000000
